    1.3922
    1.8957
    1.1456
    3.0875
    1.2256
    1.3883
    1.6019
    4.6078
    1.1876
    1.8487
    3.1905
    2.0956
    2.4854
    4.3113
    1.2647
    2.3189
    2.0491
    1.1213
    1.5014
    1.2432
    2.9616
    1.1812
    1.4232
    1.2479
    1.5563
    1.5426
    1.9480
    1.0830
    3.7143
    1.0488
    1.1581
    1.7581
    1.2301
    1.0662
    2.1641
    2.0384
    1.7222
    2.5495
    1.2481
    3.1819
    1.1684
    1.0433
    1.9025
    1.3768
    1.0671
    1.1157
    1.2029
    1.0291
    1.0917
    1.0736
    3.5381
    1.1896
    1.3178
    1.7217
    1.4398
    2.7683
    1.0165
    1.1359
    1.3106
    1.1599
    1.6894
    1.0409
    1.1248
    1.2493
    1.3681
    3.8690
    2.6438
    2.7772
    1.6799
    1.4131
    1.1186
    1.0252
    1.9144
    1.0607
    1.1412
    1.0783
    2.7372
    1.9478
    1.9813
    1.2562
    1.4513
    1.9371
    2.1523
    1.0874
    1.7911
    1.0951
    2.5834
    1.9949
    1.0670
    1.0080
    1.0347
    1.4670
    4.8504
    1.2457
    1.2151
    1.6255
    1.5882
    2.0531
    1.4714
    2.3112
    3.9543
    1.2968
    1.9475
    1.0844
    1.3926
    1.5979
    2.7504
    2.8030
    3.6453
    1.6519
    1.3699
    1.4064
    1.3739
    1.2335
    1.3692
    2.2447
    1.3736
    1.6231
    1.4981
    1.0343
    2.0635
    1.1442
    1.1426
    1.2295
    1.2041
    1.0370
    1.0438
    2.5716
    2.6095
    1.2241
    1.1823
    2.4165
    2.7797
    1.1444
    1.1051
    1.4634
    1.0659
    2.5401
    1.0113
    2.3889
    1.1941
    2.2639
    1.5993
    1.1825
    1.1783
    1.6958
    2.0292
    2.4016
    1.3411
    2.2783
    2.2417
    2.2353
    1.7678
    1.6564
    4.1842
    1.3756
    1.4562
    3.1503
    2.2214
    1.2986
    2.4512
    1.6346
    1.4287
    2.6018
    2.5606
    1.0986
    4.7055
    1.9431
    2.4208
    1.4259
    1.2942
    1.2197
    1.3141
    1.6881
    1.1984
    1.7889
    2.2045
    1.0180
    3.9602
    1.6810
    1.5366
    1.0080
    1.5488
    1.1039